1 1
1 2
1 4
2 1
2 3
2 24
3 2
3 4
3 23
3 24
3 25
3 26
4 1
4 3
4 5
4 6
5 4
5 6
5 22
6 4
6 5
6 7
6 21
7 6
7 8
7 9
7 20
8 7
8 9
8 20
9 7
9 8
9 10
9 19
10 9
10 11
10 12
10 18
11 10
11 12
11 13
11 18
12 10
12 11
12 13
12 14
12 17
13 11
13 12
13 14
13 16
14 12
14 13
14 15
15 14
15 16
15 36
15 37
16 13
16 15
16 17
16 35
17 12
17 16
17 18
17 34
18 10
18 11
18 17
18 19
19 9
19 18
19 20
19 32
20 7
20 8
20 19
20 21
21 6
21 20
21 22
21 30
22 5
22 21
22 23
22 29
23 3
23 22
23 24
23 27
23 28
24 2
24 3
24 23
24 25
24 27
25 3
25 24
25 26
26 3
26 25
26 27
27 23
27 24
27 26
27 28
28 23
28 27
28 29
29 22
29 28
29 30
29 82
30 21
30 29
30 31
31 30
31 32
31 80
32 19
32 31
32 33
33 32
33 34
33 78
34 17
34 33
34 35
35 16
35 34
35 36
35 76
36 15
36 35
36 37
36 39
37 15
37 36
37 38
37 39
38 37
38 39
38 40
38 42
38 43
38 74
39 36
39 37
39 38
39 40
40 38
40 39
40 41
41 40
41 42
41 43
42 38
42 41
42 43
42 44
43 38
43 41
43 42
43 44
44 42
44 43
44 45
44 49
45 44
45 45
45 46
45 49
46 45
46 47
46 50
47 46
47 48
47 51
48 47
48 49
48 50
48 52
49 44
49 45
49 48
49 50
49 53
50 46
50 48
50 49
50 51
50 54
51 47
51 50
51 52
51 55
52 48
52 51
52 53
52 56
53 49
53 52
53 54
54 50
54 53
54 55
54 57
55 51
55 54
55 56
55 58
56 52
56 55
56 57
57 54
57 56
57 58
57 59
58 55
58 57
58 59
58 60
59 57
59 58
59 60
59 64
60 58
60 59
60 61
60 63
61 60
61 61
61 62
61 65
62 61
62 63
62 142
62 143
63 60
63 62
63 64
64 59
64 63
64 65
64 66
64 143
65 61
65 64
65 66
65 81
66 64
66 65
66 67
66 80
67 66
67 68
67 69
67 79
68 67
68 69
68 79
69 67
69 68
69 70
69 71
70 69
70 71
70 77
71 69
71 70
71 72
71 76
72 71
72 73
72 75
73 72
73 74
73 76
74 38
74 73
74 75
74 76
75 72
75 74
75 76
76 35
76 71
76 73
76 74
76 75
76 77
77 70
77 76
77 78
78 33
78 77
78 79
79 67
79 68
79 78
79 80
80 31
80 66
80 79
80 81
81 65
81 80
81 82
81 83
82 29
82 81
82 83
82 84
83 81
83 82
83 84
83 136
84 82
84 83
84 85
84 86
84 135
85 84
85 86
85 135
86 84
86 85
86 87
86 89
86 90
87 86
87 88
87 91
87 133
88 87
88 89
88 92
88 130
89 86
89 88
89 90
89 93
90 86
90 89
90 91
90 94
91 87
91 90
91 92
91 95
92 88
92 91
92 93
92 95
93 89
93 92
93 94
93 97
94 90
94 93
94 95
94 98
95 91
95 92
95 94
95 96
95 97
95 98
96 95
96 97
97 93
97 95
97 96
97 98
98 94
98 95
98 97
98 99
99 98
99 100
99 104
99 196
100 99
100 100
100 101
100 103
100 104
101 100
101 102
101 105
102 101
102 102
102 103
102 106
102 290
103 100
103 102
103 104
103 107
103 291
104 99
104 100
104 103
104 105
104 108
105 101
105 104
105 106
105 109
106 102
106 105
106 107
106 110
107 103
107 106
107 108
107 111
108 104
108 107
108 109
108 112
109 105
109 108
109 110
109 113
110 106
110 109
110 111
110 114
111 107
111 110
111 112
111 115
112 108
112 111
112 113
112 116
113 109
113 112
113 114
113 117
114 110
114 113
114 115
114 118
115 111
115 114
115 116
115 119
116 112
116 115
116 117
116 120
117 113
117 116
117 118
117 121
118 114
118 117
118 119
118 121
118 123
119 115
119 118
119 120
119 122
120 116
120 119
120 121
121 117
121 118
121 120
121 122
122 119
122 121
122 123
122 152
122 153
123 118
123 122
123 124
123 125
123 151
123 152
124 123
124 125
124 150
125 123
125 124
125 126
125 148
126 125
126 127
126 164
126 182
127 126
127 128
127 129
127 164
128 127
128 129
128 131
128 168
128 192
129 127
129 128
129 130
129 132
130 88
130 129
130 130
130 131
130 133
131 128
131 130
131 132
132 129
132 131
132 133
132 144
133 87
133 130
133 132
133 134
134 133
134 135
134 142
135 84
135 85
135 134
135 136
135 137
136 83
136 135
136 137
136 139
136 140
137 135
137 136
137 138
137 296
138 137
138 139
138 293
139 136
139 138
139 140
139 141
139 293
140 136
140 139
140 141
141 139
141 140
141 142
141 143
142 62
142 134
142 141
142 143
143 62
143 64
143 141
143 142
143 144
143 145
144 132
144 143
144 145
145 143
145 144
145 146
145 148
146 145
146 147
146 149
147 146
147 148
148 125
148 145
148 147
148 149
149 146
149 148
149 150
149 151
150 124
150 149
150 151
151 123
151 149
151 150
151 152
151 154
152 122
152 123
152 151
152 153
153 122
153 152
153 154
154 151
154 153
154 155
155 154
155 155
155 156
155 157
156 155
156 157
156 180
157 155
157 156
157 158
157 179
158 157
158 159
158 160
158 178
159 158
159 160
159 162
160 158
160 159
160 161
160 163
161 160
161 162
161 163
162 159
162 161
162 163
162 164
163 160
163 161
163 162
163 164
163 166
164 126
164 127
164 162
164 163
164 165
164 169
165 164
165 166
165 168
166 163
166 165
166 167
166 169
167 166
167 168
167 203
167 204
167 205
168 128
168 165
168 167
168 169
168 170
169 164
169 166
169 168
169 170
169 185
170 168
170 169
170 171
170 174
171 170
171 171
171 172
171 175
172 171
172 173
172 174
172 177
172 269
173 172
173 174
173 176
174 170
174 172
174 173
174 175
175 171
175 174
175 176
175 235
176 173
176 175
176 177
176 234
177 172
177 176
177 178
178 158
178 177
178 179
179 157
179 178
179 180
180 156
180 179
180 181
180 182
181 180
181 182
181 184
182 126
182 180
182 181
182 183
182 185
182 186
183 182
183 184
183 187
184 181
184 183
184 185
184 188
185 169
185 182
185 184
185 186
185 189
186 182
186 185
186 187
186 190
187 183
187 186
187 188
187 191
188 184
188 187
188 189
188 192
189 185
189 188
189 190
189 193
190 186
190 189
190 191
190 194
190 266
191 187
191 190
191 192
191 195
191 202
192 128
192 188
192 191
192 193
192 196
192 201
193 189
193 192
193 194
193 197
194 190
194 193
194 195
194 198
194 200
195 191
195 194
195 196
195 197
195 199
196 99
196 192
196 195
196 197
196 198
197 193
197 195
197 196
197 198
198 194
198 196
198 197
198 199
198 200
199 195
199 198
199 200
199 201
200 194
200 198
200 199
200 201
201 192
201 199
201 200
201 202
202 191
202 201
202 203
203 167
203 202
203 204
203 205
204 167
204 203
204 204
204 205
205 167
205 203
205 204
205 206
206 205
206 207
206 208
207 206
207 208
207 211
208 206
208 207
208 209
208 212
209 208
209 210
209 211
209 213
210 209
210 211
210 212
210 214
211 207
211 209
211 210
211 212
211 215
212 208
212 210
212 211
212 213
212 216
213 209
213 212
213 214
213 217
214 210
214 213
214 215
214 218
215 211
215 214
215 216
215 219
216 212
216 215
216 217
216 220
217 213
217 216
217 218
218 214
218 217
218 219
218 246
219 215
219 218
219 220
219 245
220 216
220 219
220 221
220 244
221 220
221 222
221 223
221 240
221 243
222 221
222 222
222 223
222 224
223 221
223 222
223 224
223 226
223 227
224 222
224 223
224 225
224 228
224 230
225 224
225 226
225 227
226 223
226 225
226 227
226 270
227 223
227 225
227 226
227 228
227 230
228 224
228 227
228 228
228 229
229 228
229 230
229 232
229 233
230 224
230 227
230 229
230 231
230 233
231 230
231 232
232 229
232 231
232 233
233 229
233 230
233 232
233 234
233 236
234 176
234 233
234 234
234 235
235 175
235 234
235 236
235 237
236 233
236 235
236 237
236 239
237 235
237 236
237 238
237 240
238 237
238 238
238 239
239 236
239 238
239 240
239 242
240 221
240 237
240 239
240 241
241 240
241 241
241 242
241 243
242 239
242 241
242 243
242 244
243 221
243 241
243 242
243 244
244 220
244 242
244 243
244 245
245 219
245 244
245 246
246 218
246 245
246 247
246 248
247 246
247 248
247 250
247 251
248 246
248 247
248 249
248 250
248 252
249 248
249 250
249 251
250 247
250 248
250 249
250 251
251 247
251 249
251 250
251 252
252 248
252 251
252 253
252 255
253 252
253 253
253 254
254 253
254 254
254 255
254 256
255 252
255 254
255 256
256 254
256 255
256 257
256 260
257 256
257 258
257 261
258 257
258 259
258 262
259 258
259 260
259 263
260 256
260 259
260 261
260 264
261 257
261 260
261 262
261 265
262 258
262 261
262 263
262 266
263 259
263 262
263 264
263 267
264 260
264 263
264 265
265 261
265 264
265 266
265 268
265 275
266 190
266 262
266 265
266 267
266 274
267 263
267 266
267 268
268 265
268 267
268 269
268 274
269 172
269 268
269 270
270 226
270 269
270 271
270 272
270 273
270 274
271 270
271 271
271 272
272 270
272 271
272 273
273 270
273 272
273 274
274 266
274 268
274 270
274 273
274 275
275 265
275 274
275 276
275 277
276 275
276 277
276 280
277 275
277 276
277 278
277 281
278 277
278 279
278 282
279 278
279 280
279 282
280 276
280 279
280 281
280 283
281 277
281 280
281 282
282 278
282 279
282 281
282 283
283 280
283 282
283 284
283 286
284 283
284 284
284 285
284 287
285 284
285 286
285 288
286 283
286 285
286 287
286 288
286 289
287 284
287 286
287 288
288 285
288 286
288 287
288 289
288 290
289 286
289 288
289 290
289 291
290 102
290 288
290 289
290 291
290 292
291 103
291 289
291 290
291 292
292 290
292 291
292 292
292 293
293 138
293 139
293 292
293 294
293 295
294 293
294 294
294 295
294 296
295 293
295 294
295 296
295 297
296 137
296 294
296 295
296 297
296 298
297 295
297 296
297 298
298 296
298 297
